2324
2318
1
2323
2317
1
2322
2316
1
2321
2315
1
2320
2314
1
2319
2313
1
2318
2312
1
2317
2311
1
2316
2310
1
2315
2309
1
2314
2308
1
2313
2307
1
2312
2306
1
2311
2305
1
2310
2304
1
2309
2303
1
2308
2302
1
2307
2301
1
2306
2300
1
2305
2299
1
2304
2298
1
2303
2297
1
2302
2296
1
2301
2295
1
2300
2294
1
2299
2293
1
2298
2292
1
2297
2291
1
2296
2290
1
2295
2289
1
2294
2288
1
2293
2287
1
2292
2286
1
2291
2285
1
2290
2284
1
2289
2283
1
2288
2282
1
2287
2281
1
2286
2280
1
2285
2279
1
2284
2278
1
2283
2277
1
2282
2276
1
2281
2275
1
2280
2274
1
2279
2273
1
2278
2272
1
2277
2271
1
2276
2270
1
2275
2269
1
2274
2268
1
2273
2267
1
2272
2266
1
2271
2265
1
2270
2264
1
2269
2263
1
2268
2262
1
2267
2261
1
2266
2260
1
2265
2259
1
2264
2258
1
2263
2257
1
2262
2256
1
2261
2255
1
2260
2254
1
2259
2253
1
2258
2252
1
2257
2251
1
2256
2250
1
2255
2249
1
2254
2248
1
2253
2247
1
2252
2246
1
2251
2245
1
2250
2244
1
2249
2243
1
2248
2242
1
2247
2241
1
2246
2240
1
2245
2239
1
2244
2238
1
2243
2237
1
2242
2236
1
2241
2235
1
2240
2234
1
2239
2233
1
2238
2232
1
2237
2231
1
2236
2230
1
2235
2229
1
2234
2228
1
2233
2227
1
2232
2226
1
2231
2225
1
2230
2224
1
2229
2223
1
2228
2222
1
2227
2221
1
2226
2220
1
2225
2219
1
2224
2218
1
2223
2217
1
2222
2216
1
2221
2215
1
2220
2214
1
2219
2213
1
2218
2212
1
2217
2211
1
2216
2210
1
2215
2209
1
2214
2208
1
2213
2207
1
2212
2206
1
2211
2205
1
2210
2204
1
2209
2203
1
2208
2202
1
2207
2201
1
2206
2200
1
2205
2199
1
2204
2198
1
2203
2197
1
2202
2196
1
2201
2195
1
2200
2194
1
2199
2193
1
2198
2192
1
2197
2191
1
2196
2190
1
2195
2189
1
2194
2188
1
2193
2187
1
2192
2186
1
2191
2185
1
2190
2184
1
2189
2183
1
2188
2182
1
2187
2181
1
2186
2180
1
2185
2179
1
2184
2178
1
2183
2177
1
2182
2176
1
2181
2175
1
2180
2174
1
2179
2173
1
2178
2172
1
2177
2171
1
2176
2170
1
2175
2169
1
2174
2168
1
2173
2167
1
2172
2166
1
2171
2165
1
2170
2164
1
2169
2163
1
2168
2162
1
2167
2161
1
2166
2160
1
2165
2159
1
2164
2158
1
2163
2157
1
2162
2156
1
2161
2155
1
2160
2154
1
2159
2153
1
2158
2152
1
2157
2151
1
2156
2150
1
2155
2149
1
2154
2148
1
2153
2147
1
2152
2146
1
2151
2145
1
2150
2144
1
2149
2143
1
2148
2142
1
2147
2141
1
2146
2140
1
2145
2139
1
2144
2138
1
2143
2137
1
2142
2136
1
2141
2135
1
2140
2134
1
2139
2133
1
2138
2132
1
2137
2131
1
2136
2130
1
2135
2129
1
2134
2128
1
2133
2127
1
2132
2126
1
2131
2125
1
2130
2124
1
2129
2123
1
2128
2122
1
2127
2121
1
2126
2120
1
2125
2119
1
2124
2118
1
2123
2117
1
2122
2116
1
2121
2115
1
2120
2114
1
2119
2113
1
2118
2112
1
2117
2111
1
2116
2110
1
2115
2109
1
2114
2108
1
2113
2107
1
2112
2106
1
2111
2105
1
2110
2104
1
2109
2103
1
2108
2102
1
2107
2101
1
2106
2100
1
2105
2099
1
2104
2098
1
2103
2097
1
2102
2096
1
2101
2095
1
2100
2094
1
2099
2093
1
2098
2092
1
2097
2091
1
2096
2090
1
2095
2089
1
2094
2088
1
2093
2087
1
2092
2086
1
2091
2085
1
2090
2084
1
2089
2083
1
2088
2082
1
2087
2081
1
2086
2080
1
2085
2079
1
2084
2078
1
2083
2077
1
2082
2076
1
2081
2075
1
2080
2074
1
2079
2073
1
2078
2072
1
2077
2071
1
2076
2070
1
2075
2069
1
2074
2068
1
2073
2067
1
2072
2066
1
2071
2065
1
2070
2064
1
2069
2063
1
2068
2062
1
2067
2061
1
2066
2060
1
2065
2059
1
2064
2058
1
2063
2057
1
2062
2056
1
2061
2055
1
2060
2054
1
2059
2053
1
2058
2052
1
2057
2051
1
2056
2050
1
2055
2049
1
2054
2048
1
2053
2047
1
2052
2046
1
2051
2045
1
2050
2044
1
2049
2043
1
2048
2042
1
2047
2041
1
2046
2040
1
2045
2039
1
2044
2038
1
2043
2037
1
2042
2036
1
2041
2035
1
2040
2034
1
2039
2033
1
2038
2032
1
2037
2031
1
2036
2030
1
2035
2029
1
2034
2028
1
2033
2027
1
2032
2026
1
2031
2025
1
2030
2024
1
2029
2023
1
2028
2022
1
2027
2021
1
2026
2020
1
2025
2019
1
2024
2018
1
2023
2017
1
2022
2016
1
2021
2015
1
2020
2014
1
2019
2013
1
2018
2012
1
2017
2011
1
2016
2010
1
2015
2009
1
2014
2008
1
2013
2007
1
2012
2006
1
2011
2005
1
2010
2004
1
2009
2003
1
2008
2002
1
2007
2001
1
2006
2000
1
2005
1999
1
2004
1998
1
2003
1997
1
2002
1996
1
2001
1995
1
2000
1994
1
1999
1993
1
1998
1992
1
1997
1991
1
1996
1990
1
1995
1989
1
1994
1988
1
1993
1987
1
1992
1986
1
1991
1985
1
1990
1984
1
1989
1983
1
1988
1982
1
1987
1981
1
1986
1980
1
1985
1979
1
1984
1978
1
1983
1977
1
1982
1976
1
1981
1975
1
1980
1974
1
1979
1973
1
1978
1972
1
1977
1971
1
1976
1970
1
1975
1969
1
1974
1968
1
1973
1967
1
1972
1966
1
1971
1965
1
1970
1964
1
1969
1963
1
1968
1962
1
1967
1961
1
1966
1960
1
1965
1959
1
1964
1958
1
1963
1957
1
1962
1956
1
1961
1955
1
1960
1954
1
1959
1953
1
1958
1952
1
1957
1951
1
1956
1950
1
1955
1949
1
1954
1948
1
1953
1947
1
1952
1946
1
1951
1945
1
1950
1944
1
1949
1943
1
1948
1942
1
1947
1941
1
1946
1940
1
1945
1939
1
1944
1938
1
1943
1937
1
1942
1936
1
1941
1935
1
1940
1934
1
1939
1933
1
1938
1932
1
1937
1931
1
1936
1930
1
1935
1929
1
1934
1928
1
1933
1927
1
1932
1926
1
1931
1925
1
1930
1924
1
1929
1923
1
1928
1922
1
1927
1921
1
1926
1920
1
1925
1919
1
1924
1918
1
1923
1917
1
1922
1916
1
1921
1915
1
1920
1914
1
1919
1913
1
1918
1912
1
1917
1911
1
1916
1910
1
1915
1909
1
1914
1908
1
1913
1907
1
1912
1906
1
1911
1905
1
1910
1904
1
1909
1903
1
1908
1902
1
1907
1901
1
1906
1900
1
1905
1899
1
1904
1898
1
1903
1897
1
1902
1896
1
1901
1895
1
1900
1894
1
1899
1893
1
1898
1892
1
1897
1891
1
1896
1890
1
1895
1889
1
1894
1888
1
1893
1887
1
1892
1886
1
1891
1885
1
1890
1884
1
1889
1883
1
1888
1882
1
1887
1881
1
1886
1880
1
1885
1879
1
1884
1878
1
1883
1877
1
1882
1876
1
1881
1875
1
1880
1874
1
1879
1873
1
1878
1872
1
1877
1871
1
1876
1870
1
1875
1869
1
1874
1868
1
1873
1867
1
1872
1866
1
1871
1865
1
1870
1864
1
1869
1863
1
1868
1862
1
1867
1861
1
1866
1860
1
1865
1859
1
1864
1858
1
1863
1857
1
1862
1856
1
1861
1855
1
1860
1854
1
1859
1853
1
1858
1852
1
1857
1851
1
1856
1850
1
1855
1849
1
1854
1848
1
1853
1847
1
1852
1846
1
1851
1845
1
1850
1844
1
1849
1843
1
1848
1842
1
1847
1841
1
1846
1840
1
1845
1839
1
1844
1838
1
1843
1837
1
1842
1836
1
1841
1835
1
1840
1834
1
1839
1833
1
1838
1832
1
1837
1831
1
1836
1830
1
1835
1829
1
1834
1828
1
1833
1827
1
1832
1826
1
1831
1825
1
1830
1824
1
1829
1823
1
1828
1822
1
1827
1821
1
1826
1820
1
1825
1819
1
1824
1818
1
1823
1817
1
1822
1816
1
1821
1815
1
1820
1814
1
1819
1813
1
1818
1812
1
1817
1811
1
1816
1810
1
1815
1809
1
1814
1808
1
1813
1807
1
1812
1806
1
1811
1805
1
1810
1804
1
1809
1803
1
1808
1802
1
1807
1801
1
1806
1800
1
1805
1799
1
1804
1798
1
1803
1797
1
1802
1796
1
1801
1795
1
1800
1794
1
1799
1793
1
1798
1792
1
1797
1791
1
1796
1790
1
1795
1789
1
1794
1788
1
1793
1787
1
1792
1786
1
1791
1785
1
1790
1784
1
1789
1783
1
1788
1782
1
1787
1781
1
1786
1780
1
1785
1779
1
1784
1778
1
1783
1777
1
1782
1776
1
1781
1775
1
1780
1774
1
1779
1773
1
1778
1772
1
1777
1771
1
1776
1770
1
1775
1769
1
1774
1768
1
1773
1767
1
1772
1766
1
1771
1765
1
1770
1764
1
1769
1763
1
1768
1762
1
1767
1761
1
1766
1760
1
1765
1759
1
1764
1758
1
1763
1757
1
1762
1756
1
1761
1755
1
1760
1754
1
1759
1753
1
1758
1752
1
1757
1751
1
1756
1750
1
1755
1749
1
1754
1748
1
1753
1747
1
1752
1746
1
1751
1745
1
1750
1744
1
1749
1743
1
1748
1742
1
1747
1741
1
1746
1740
1
1745
1739
1
1744
1738
1
1743
1737
1
1742
1736
1
1741
1735
1
1740
1734
1
1739
1733
1
1738
1732
1
1737
1731
1
1736
1730
1
1735
1729
1
1734
1728
1
1733
1727
1
1732
1726
1
1731
1725
1
1730
1724
1
1729
1723
1
1728
1722
1
1727
1721
1
1726
1720
1
1725
1719
1
1724
1718
1
1723
1717
1
1722
1716
1
1721
1715
1
1720
1714
1
1719
1713
1
1718
1712
1
1717
1711
1
1716
1710
1
1715
1709
1
1714
1708
1
1713
1707
1
1712
1706
1
1711
1705
1
1710
1704
1
1709
1703
1
1708
1702
1
1707
1701
1
1706
1700
1
1705
1699
1
1704
1698
1
1703
1697
1
1702
1696
1
1701
1695
1
1700
1694
1
1699
1693
1
1698
1692
1
1697
1691
1
1696
1690
1
1695
1689
1
1694
1688
1
1693
1687
1
1692
1686
1
1691
1685
1
1690
1684
1
1689
1683
1
1688
1682
1
1687
1681
1
1686
1680
1
1685
1679
1
1684
1678
1
1683
1677
1
1682
1676
1
1681
1675
1
1680
1674
1
1679
1673
1
1678
1672
1
1677
1671
1
1676
1670
1
1675
1669
1
1674
1668
1
1673
1667
1
1672
1666
1
1671
1665
1
1670
1664
1
1669
1663
1
1668
1662
1
1667
1661
1
1666
1660
1
1665
1659
1
1664
1658
1
1663
1657
1
1662
1656
1
1661
1655
1
1660
1654
1
1659
1653
1
1658
1652
1
1657
1651
1
1656
1650
1
1655
1649
1
1654
1648
1
1653
1647
1
1652
1646
1
1651
1645
1
1650
1644
1
1649
1643
1
1648
1642
1
1647
1641
1
1646
1640
1
1645
1639
1
1644
1638
1
1643
1637
1
1642
1636
1
1641
1635
1
1640
1634
1
1639
1633
1
1638
1632
1
1637
1631
1
1636
1630
1
1635
1629
1
1634
1628
1
1633
1627
1
1632
1626
1
1631
1625
1
1630
1624
1
1629
1623
1
1628
1622
1
1627
1621
1
1626
1620
1
1625
1619
1
1624
1618
1
1623
1617
1
1622
1616
1
1621
1615
1
1620
1614
1
1619
1613
1
1618
1612
1
1617
1611
1
1616
1610
1
1615
1609
1
1614
1608
1
1613
1607
1
1612
1606
1
1611
1605
1
1610
1604
1
1609
1603
1
1608
1602
1
1607
1601
1
1606
1600
1
1605
1599
1
1604
1598
1
1603
1597
1
1602
1596
1
1601
1595
1
1600
1594
1
1599
1593
1
1598
1592
1
1597
1591
1
1596
1590
1
1595
1589
1
1594
1588
1
1593
1587
1
1592
1586
1
1591
1585
1
1590
1584
1
1589
1583
1
1588
1582
1
1587
1581
1
1586
1580
1
1585
1579
1
1584
1578
1
1583
1577
1
1582
1576
1
1581
1575
1
1580
1574
1
1579
1573
1
1578
1572
1
1577
1571
1
1576
1570
1
1575
1569
1
1574
1568
1
1573
1567
1
1572
1566
1
1571
1565
1
1570
1564
1
1569
1563
1
1568
1562
1
1567
1561
1
1566
1560
1
1565
1559
1
1564
1558
1
1563
1557
1
1562
1556
1
1561
1555
1
1560
1554
1
1559
1553
1
1558
1552
1
1557
1551
1
1556
1550
1
1555
1549
1
1554
1548
1
1553
1547
1
1552
1546
1
1551
1545
1
1550
1544
1
1549
1543
1
1548
1542
1
1547
1541
1
1546
1540
1
1545
1539
1
1544
1538
1
1543
1537
1
1542
1536
1
1541
1535
1
1540
1534
1
1539
1533
1
1538
1532
1
1537
1531
1
1536
1530
1
1535
1529
1
1534
1528
1
1533
1527
1
1532
1526
1
1531
1525
1
1530
1524
1
1529
1523
1
1528
1522
1
1527
1521
1
1526
1520
1
1525
1519
1
1524
1518
1
1523
1517
1
1522
1516
1
1521
1515
1
1520
1514
1
1519
1513
1
1518
1512
1
1517
1511
1
1516
1510
1
1515
1509
1
1514
1508
1
1513
1507
1
1512
1506
1
1511
1505
1
1510
1504
1
1509
1503
1
1508
1502
1
1507
1501
1
1506
1500
1
1505
1499
1
1504
1498
1
1503
1497
1
1502
1496
1
1501
1495
1
1500
1494
1
1499
1493
1
1498
1492
1
1497
1491
1
1496
1490
1
1495
1489
1
1494
1488
1
1493
1487
1
1492
1486
1
1491
1485
1
1490
1484
1
1489
1483
1
1488
1482
1
1487
1481
1
1486
1480
1
1485
1479
1
1484
1478
1
1483
1477
1
1482
1476
1
1481
1475
1
1480
1474
1
1479
1473
1
1478
1472
1
1477
1471
1
1476
1470
1
1475
1469
1
1474
1468
1
1473
1467
1
1472
1466
1
1471
1465
1
1470
1464
1
1469
1463
1
1468
1462
1
1467
1461
1
1466
1460
1
1465
1459
1
1464
1458
1
1463
1457
1
1462
1456
1
1461
1455
1
1460
1454
1
1459
1453
1
1458
1452
1
1457
1451
1
1456
1450
1
1455
1449
1
1454
1448
1
1453
1447
1
1452
1446
1
1451
1445
1
1450
1444
1
1449
1443
1
1448
1442
1
1447
1441
1
1446
1440
1
1445
1439
1
1444
1438
1
1443
1437
1
1442
1436
1
1441
1435
1
1440
1434
1
1439
1433
1
1438
1432
1
1437
1431
1
1436
1430
1
1435
1429
1
1434
1428
1
1433
1427
1
1432
1426
1
1431
1425
1
1430
1424
1
1429
1423
1
1428
1422
1
1427
1421
1
1426
1420
1
1425
1419
1
1424
1418
1
1423
1417
1
1422
1416
1
1421
1415
1
1420
1414
1
1419
1413
1
1418
1412
1
1417
1411
1
1416
1410
1
1415
1409
1
1414
1408
1
1413
1407
1
1412
1406
1
1411
1405
1
1410
1404
1
1409
1403
1
1408
1402
1
1407
1401
1
1406
1400
1
1405
1399
1
1404
1398
1
1403
1397
1
1402
1396
1
1401
1395
1
1400
1394
1
1399
1393
1
1398
1392
1
1397
1391
1
1396
1390
1
1395
1389
1
1394
1388
1
1393
1387
1
1392
1386
1
1391
1385
1
1390
1384
1
1389
1383
1
1388
1382
1
1387
1381
1
1386
1380
1
1385
1379
1
1384
1378
1
1383
1377
1
1382
1376
1
1381
1375
1
1380
1374
1
1379
1373
1
1378
1372
1
1377
1371
1
1376
1370
1
1375
1369
1
1374
1368
1
1373
1367
1
1372
1366
1
1371
1365
1
1370
1364
1
1369
1363
1
1368
1362
1
1367
1361
1
1366
1360
1
1365
1359
1
1364
1358
1
1363
1357
1
1362
1356
1
1361
1355
1
1360
1354
1
1359
1353
1
1358
1352
1
1357
1351
1
1356
1350
1
1355
1349
1
1354
1348
1
1353
1347
1
1352
1346
1
1351
1345
1
1350
1344
1
1349
1343
1
1348
1342
1
1347
1341
1
1346
1340
1
1345
1339
1
1344
1338
1
1343
1337
1
1342
1336
1
1341
1335
1
1340
1334
1
1339
1333
1
1338
1332
1
1337
1331
1
1336
1330
1
1335
1329
1
1334
1328
1
1333
1327
1
1332
1326
1
1331
1325
1
1330
1324
1
1329
1323
1
1328
1322
1
1327
1321
1
1326
1320
1
1325
1319
1
1324
1318
1
1323
1317
1
1322
1316
1
1321
1315
1
1320
1314
1
1319
1313
1
1318
1312
1
1317
1311
1
1316
1310
1
1315
1309
1
1314
1308
1
1313
1307
1
1312
1306
1
1311
1305
1
1310
1304
1
1309
1303
1
1308
1302
1
1307
1301
1
1306
1300
1
1305
1299
1
1304
1298
1
1303
1297
1
1302
1296
1
1301
1295
1
1300
1294
1
1299
1293
1
1298
1292
1
1297
1291
1
1296
1290
1
1295
1289
1
1294
1288
1
1293
1287
1
1292
1286
1
1291
1285
1
1290
1284
1
1289
1283
1
1288
1282
1
1287
1281
1
1286
1280
1
1285
1279
1
1284
1278
1
1283
1277
1
1282
1276
1
1281
1275
1
1280
1274
1
1279
1273
1
1278
1272
1
1277
1271
1
1276
1270
1
1275
1269
1
1274
1268
1
1273
1267
1
1272
1266
1
1271
1265
1
1270
1264
1
1269
1263
1
1268
1262
1
1267
1261
1
1266
1260
1
1265
1259
1
1264
1258
1
1263
1257
1
1262
1256
1
1261
1255
1
1260
1254
1
1259
1253
1
1258
1252
1
1257
1251
1
1256
1250
1
1255
1249
1
1254
1248
1
1253
1247
1
1252
1246
1
1251
1245
1
1250
1244
1
1249
1243
1
1248
1242
1
1247
1241
1
1246
1240
1
1245
1239
1
1244
1238
1
1243
1237
1
1242
1236
1
1241
1235
1
1240
1234
1
1239
1233
1
1238
1232
1
1237
1231
1
1236
1230
1
1235
1229
1
1234
1228
1
1233
1227
1
1232
1226
1
1231
1225
1
1230
1224
1
1229
1223
1
1228
1222
1
1227
1221
1
1226
1220
1
1225
1219
1
1224
1218
1
1223
1217
1
1222
1216
1
1221
1215
1
1220
1214
1
1219
1213
1
1218
1212
1
1217
1211
1
1216
1210
1
1215
1209
1
1214
1208
1
1213
1207
1
1212
1206
1
1211
1205
1
1210
1204
1
1209
1203
1
1208
1202
1
1207
1201
1
1206
1200
1
1205
1199
1
1204
1198
1
1203
1197
1
1202
1196
1
1201
1195
1
1200
1194
1
1199
1193
1
1198
1192
1
1197
1191
1
1196
1190
1
1195
1189
1
1194
1188
1
1193
1187
1
1192
1186
1
1191
1185
1
1190
1184
1
1189
1183
1
1188
1182
1
1187
1181
1
1186
1180
1
1185
1179
1
1184
1178
1
1183
1177
1
1182
1176
1
1181
1175
1
1180
1174
1
1179
1173
1
1178
1172
1
1177
1171
1
1176
1170
1
1175
1169
1
1174
1168
1
1173
1167
1
1172
1166
1
1171
1165
1
1170
1164
1
1169
1163
1
1168
1162
1
1167
1161
1
1166
1160
1
1165
1159
1
1164
1158
1
1163
1157
1
1162
1156
1
1161
1155
1
1160
1154
1
1159
1153
1
1158
1152
1
1157
1151
1
1156
1150
1
1155
1149
1
1154
1148
1
1153
1147
1
1152
1146
1
1151
1145
1
1150
1144
1
1149
1143
1
1148
1142
1
1147
1141
1
1146
1140
1
1145
1139
1
1144
1138
1
1143
1137
1
1142
1136
1
1141
1135
1
1140
1134
1
1139
1133
1
1138
1132
1
1137
1131
1
1136
1130
1
1135
1129
1
1134
1128
1
1133
1127
1
1132
1126
1
1131
1125
1
1130
1124
1
1129
1123
1
1128
1122
1
1127
1121
1
1126
1120
1
1125
1119
1
1124
1118
1
1123
1117
1
1122
1116
1
1121
1115
1
1120
1114
1
1119
1113
1
1118
1112
1
1117
1111
1
1116
1110
1
1115
1109
1
1114
1108
1
1113
1107
1
1112
1106
1
1111
1105
1
1110
1104
1
1109
1103
1
1108
1102
1
1107
1101
1
1106
1100
1
1105
1099
1
1104
1098
1
1103
1097
1
1102
1096
1
1101
1095
1
1100
1094
1
1099
1093
1
1098
1092
1
1097
1091
1
1096
1090
1
1095
1089
1
1094
1088
1
1093
1087
1
1092
1086
1
1091
1085
1
1090
1084
1
1089
1083
1
1088
1082
1
1087
1081
1
1086
1080
1
1085
1079
1
1084
1078
1
1083
1077
1
1082
1076
1
1081
1075
1
1080
1074
1
1079
1073
1
1078
1072
1
1077
1071
1
1076
1070
1
1075
1069
1
1074
1068
1
1073
1067
1
1072
1066
1
1071
1065
1
1070
1064
1
1069
1063
1
1068
1062
1
1067
1061
1
1066
1060
1
1065
1059
1
1064
1058
1
1063
1057
1
1062
1056
1
1061
1055
1
1060
1054
1
1059
1053
1
1058
1052
1
1057
1051
1
1056
1050
1
1055
1049
1
1054
1048
1
1053
1047
1
1052
1046
1
1051
1045
1
1050
1044
1
1049
1043
1
1048
1042
1
1047
1041
1
1046
1040
1
1045
1039
1
1044
1038
1
1043
1037
1
1042
1036
1
1041
1035
1
1040
1034
1
1039
1033
1
1038
1032
1
1037
1031
1
1036
1030
1
1035
1029
1
1034
1028
1
1033
1027
1
1032
1026
1
1031
1025
1
1030
1024
1
1029
1023
1
1028
1022
1
1027
1021
1
1026
1020
1
1025
1019
1
1024
1018
1
1023
1017
1
1022
1016
1
1021
1015
1
1020
1014
1
1019
1013
1
1018
1012
1
1017
1011
1
1016
1010
1
1015
1009
1
1014
1008
1
1013
1007
1
1012
1006
1
1011
1005
1
1010
1004
1
1009
1003
1
1008
1002
1
1007
1001
1
1006
1000
1
1005
999
1
1004
998
1
1003
997
1
1002
996
1
1001
995
1
1000
994
1
999
993
1
998
992
1
997
991
1
996
990
1
995
989
1
994
988
1
993
987
1
992
986
1
991
985
1
990
984
1
989
983
1
988
982
1
987
981
1
986
980
1
985
979
1
984
978
1
983
977
1
982
976
1
981
975
1
980
974
1
979
973
1
978
972
1
977
971
1
976
970
1
975
969
1
974
968
1
973
967
1
972
966
1
971
965
1
970
964
1
969
963
1
968
962
1
967
961
1
966
960
1
965
959
1
964
958
1
963
957
1
962
956
1
961
955
1
960
954
1
959
953
1
958
952
1
957
951
1
956
950
1
955
949
1
954
948
1
953
947
1
952
946
1
951
945
1
950
944
1
949
943
1
948
942
1
947
941
1
946
940
1
945
939
1
944
938
1
943
937
1
942
936
1
941
935
1
940
934
1
939
933
1
938
932
1
937
931
1
936
930
1
935
929
1
934
928
1
933
927
1
932
926
1
931
925
1
930
924
1
929
923
1
928
922
1
927
921
1
926
920
1
925
919
1
924
918
1
923
917
1
922
916
1
921
915
1
920
914
1
919
913
1
918
912
1
917
911
1
916
910
1
915
909
1
914
908
1
913
907
1
912
906
1
911
905
1
910
904
1
909
903
1
908
902
1
907
901
1
906
900
1
905
899
1
904
898
1
903
897
1
902
896
1
901
895
1
900
894
1
899
893
1
898
892
1
897
891
1
896
890
1
895
889
1
894
888
1
893
887
1
892
886
1
891
885
1
890
884
1
889
883
1
888
882
1
887
881
1
886
880
1
885
879
1
884
878
1
883
877
1
882
876
1
881
875
1
880
874
1
879
873
1
878
872
1
877
871
1
876
870
1
875
869
1
874
868
1
873
867
1
872
866
1
871
865
1
870
864
1
869
863
1
868
862
1
867
861
1
866
860
1
865
859
1
864
858
1
863
857
1
862
856
1
861
855
1
860
854
1
859
853
1
858
852
1
857
851
1
856
850
1
855
849
1
854
848
1
853
847
1
852
846
1
851
845
1
850
844
1
849
843
1
848
842
1
847
841
1
846
840
1
845
839
1
844
838
1
843
837
1
842
836
1
841
835
1
840
834
1
839
833
1
838
832
1
837
831
1
836
830
1
835
829
1
834
828
1
833
827
1
832
826
1
831
825
1
830
824
1
829
823
1
828
822
1
827
821
1
826
820
1
825
819
1
824
818
1
823
817
1
822
816
1
821
815
1
820
814
1
819
813
1
818
812
1
817
811
1
816
810
1
815
809
1
814
808
1
813
807
1
812
806
1
811
805
1
810
804
1
809
803
1
808
802
1
807
801
1
806
800
1
805
799
1
804
798
1
803
797
1
802
796
1
801
795
1
800
794
1
799
793
1
798
792
1
797
791
1
796
790
1
795
789
1
794
788
1
793
787
1
792
786
1
791
785
1
790
784
1
789
783
1
788
782
1
787
781
1
786
780
1
785
779
1
784
778
1
783
777
1
782
776
1
781
775
1
780
774
1
779
773
1
778
772
1
777
771
1
776
770
1
775
769
1
774
768
1
773
767
1
772
766
1
771
765
1
770
764
1
769
763
1
768
762
1
767
761
1
766
760
1
765
759
1
764
758
1
763
757
1
762
756
1
761
755
1
760
754
1
759
753
1
758
752
1
757
751
1
756
750
1
755
749
1
754
748
1
753
747
1
752
746
1
751
745
1
750
744
1
749
743
1
748
742
1
747
741
1
746
740
1
745
739
1
744
738
1
743
737
1
742
736
1
741
735
1
740
734
1
739
733
1
738
732
1
737
731
1
736
730
1
735
729
1
734
728
1
733
727
1
732
726
1
731
725
1
730
724
1
729
723
1
728
722
1
727
721
1
726
720
1
725
719
1
724
718
1
723
717
1
722
716
1
721
715
1
720
714
1
719
713
1
718
712
1
717
711
1
716
710
1
715
709
1
714
708
1
713
707
1
712
706
1
711
705
1
710
704
1
709
703
1
708
702
1
707
701
1
706
700
1
705
699
1
704
698
1
703
697
1
702
696
1
701
695
1
700
694
1
699
693
1
698
692
1
697
691
1
696
690
1
695
689
1
694
688
1
693
687
1
692
686
1
691
685
1
690
684
1
689
683
1
688
682
1
687
681
1
686
680
1
685
679
1
684
678
1
683
677
1
682
676
1
681
675
1
680
674
1
679
673
1
678
672
1
677
671
1
676
670
1
675
669
1
674
668
1
673
667
1
672
666
1
671
665
1
670
664
1
669
663
1
668
662
1
667
661
1
666
660
1
665
659
1
664
658
1
663
657
1
662
656
1
661
655
1
660
654
1
659
653
1
658
652
1
657
651
1
656
650
1
655
649
1
654
648
1
653
647
1
652
646
1
651
645
1
650
644
1
649
643
1
648
642
1
647
641
1
646
640
1
645
639
1
644
638
1
643
637
1
642
636
1
641
635
1
640
634
1
639
633
1
638
632
1
637
631
1
636
630
1
635
629
1
634
628
1
633
627
1
632
626
1
631
625
1
630
624
1
629
623
1
628
622
1
627
621
1
626
620
1
625
619
1
624
618
1
623
617
1
622
616
1
621
615
1
620
614
1
619
613
1
618
612
1
617
611
1
616
610
1
615
609
1
614
608
1
613
607
1
612
606
1
611
605
1
610
604
1
609
603
1
608
602
1
607
601
1
606
600
1
605
599
1
604
598
1
603
597
1
602
596
1
601
595
1
600
594
1
599
593
1
598
592
1
597
591
1
596
590
1
595
589
1
594
588
1
593
587
1
592
586
1
591
585
1
590
584
1
589
583
1
588
582
1
587
581
1
586
580
1
585
579
1
584
578
1
583
577
1
582
576
1
581
575
1
580
574
1
579
573
1
578
572
1
577
571
1
576
570
1
575
569
1
574
568
1
573
567
1
572
566
1
571
565
1
570
564
1
569
563
1
568
562
1
567
561
1
566
560
1
565
559
1
564
558
1
563
557
1
562
556
1
561
555
1
560
554
1
559
553
1
558
552
1
557
551
1
556
550
1
555
549
1
554
548
1
553
547
1
552
546
1
551
545
1
550
544
1
549
543
1
548
542
1
547
541
1
546
540
1
545
539
1
544
538
1
543
537
1
542
536
1
541
535
1
540
534
1
539
533
1
538
532
1
537
531
1
536
530
1
535
529
1
534
528
1
533
527
1
532
526
1
531
525
1
530
524
1
529
523
1
528
522
1
527
521
1
526
520
1
525
519
1
524
518
1
523
517
1
522
516
1
521
515
1
520
514
1
519
513
1
518
512
1
517
511
1
516
510
1
515
509
1
514
508
1
513
507
1
512
506
1
511
505
1
510
504
1
509
503
1
508
502
1
507
501
1
506
500
1
505
499
1
504
498
1
503
497
1
502
496
1
501
495
1
500
494
1
499
493
1
498
492
1
497
491
1
496
490
1
495
489
1
494
488
1
493
487
1
492
486
1
491
485
1
490
484
1
489
483
1
488
482
1
487
481
1
486
480
1
485
479
1
484
478
1
483
477
1
482
476
1
481
475
1
480
474
1
479
473
1
478
472
1
477
471
1
476
470
1
475
469
1
474
468
1
473
467
1
472
466
1
471
465
1
470
464
1
469
463
1
468
462
1
467
461
1
466
460
1
465
459
1
464
458
1
463
457
1
462
456
1
461
455
1
460
454
1
459
453
1
458
452
1
457
451
1
456
450
1
455
449
1
454
448
1
453
447
1
452
446
1
451
445
1
450
444
1
449
443
1
448
442
1
447
441
1
446
440
1
445
439
1
444
438
1
443
437
1
442
436
1
441
435
1
440
434
1
439
433
1
438
432
1
437
431
1
436
430
1
435
429
1
434
428
1
433
427
1
432
426
1
431
425
1
430
424
1
429
423
1
428
422
1
427
421
1
426
420
1
425
419
1
424
418
1
423
417
1
422
416
1
421
415
1
420
414
1
419
413
1
418
412
1
417
411
1
416
410
1
415
409
1
414
408
1
413
407
1
412
406
1
411
405
1
410
404
1
409
403
1
408
402
1
407
401
1
406
400
1
405
399
1
404
398
1
403
397
1
402
396
1
401
395
1
400
394
1
399
393
1
398
392
1
397
391
1
396
390
1
395
389
1
394
388
1
393
387
1
392
386
1
391
385
1
390
384
1
389
383
1
388
382
1
387
381
1
386
380
1
385
379
1
384
378
1
383
377
1
382
376
1
381
375
1
380
374
1
379
373
1
378
372
1
377
371
1
376
370
1
375
369
1
374
368
1
373
367
1
372
366
1
371
365
1
370
364
1
369
363
1
368
362
1
367
361
1
366
360
1
365
359
1
364
358
1
363
357
1
362
356
1
361
355
1
360
354
1
359
353
1
358
352
1
357
351
1
356
350
1
355
349
1
354
348
1
353
347
1
352
346
1
351
345
1
350
344
1
349
343
1
348
342
1
347
341
1
346
340
1
345
339
1
344
338
1
343
337
1
342
336
1
341
335
1
340
334
1
339
333
1
338
332
1
337
331
1
336
330
1
335
329
1
334
328
1
333
327
1
332
326
1
331
325
1
330
324
1
329
323
1
328
322
1
327
321
1
326
320
1
325
319
1
324
318
1
323
317
1
322
316
1
321
315
1
320
314
1
319
313
1
318
312
1
317
311
1
316
310
1
315
309
1
314
308
1
313
307
1
312
306
1
311
305
1
310
304
1
309
303
1
308
302
1
307
301
1
306
300
1
305
299
1
304
298
1
303
297
1
302
296
1
301
295
1
300
294
1
299
293
1
298
292
1
297
291
1
296
290
1
295
289
1
294
288
1
293
287
1
292
286
1
291
285
1
290
284
1
289
283
1
288
282
1
287
281
1
286
280
1
285
279
1
284
278
1
283
277
1
282
276
1
281
275
1
280
274
1
279
273
1
278
272
1
277
271
1
276
270
1
275
269
1
274
268
1
273
267
1
272
266
1
271
265
1
270
264
1
269
263
1
268
262
1
267
261
1
266
260
1
265
259
1
264
258
1
263
257
1
262
256
1
261
255
1
260
254
1
259
253
1
258
252
1
257
251
1
256
250
1
255
249
1
254
248
1
253
247
1
252
246
1
251
245
1
250
244
1
249
243
1
248
242
1
247
241
1
246
240
1
245
239
1
244
238
1
243
237
1
242
236
1
241
235
1
240
234
1
239
233
1
238
232
1
237
231
1
236
230
1
235
229
1
234
228
1
233
227
1
232
226
1
231
225
1
230
224
1
229
223
1
228
222
1
227
221
1
226
220
1
225
219
1
224
218
1
223
217
1
222
216
1
221
215
1
220
214
1
219
213
1
218
212
1
217
211
1
216
210
1
215
209
1
214
208
1
213
207
1
212
206
1
211
205
1
210
204
1
209
203
1
208
202
1
207
201
1
206
200
1
205
199
1
204
198
1
203
197
1
202
196
1
201
195
1
200
194
1
199
193
1
198
192
1
197
191
1
196
190
1
195
189
1
194
188
1
193
187
1
192
186
1
191
185
1
190
184
1
189
183
1
188
182
1
187
181
1
186
180
1
185
179
1
184
178
1
183
177
1
182
176
1
181
175
1
180
174
1
179
173
1
178
172
1
177
171
1
176
170
1
175
169
1
174
168
1
173
167
1
172
166
1
171
165
1
170
164
1
169
163
1
168
162
1
167
161
1
166
160
1
165
159
1
164
158
1
163
157
1
162
156
1
161
155
1
160
154
1
159
153
1
158
152
1
157
151
1
156
150
1
155
149
1
154
148
1
153
147
1
152
146
1
151
145
1
150
144
1
149
143
1
148
142
1
147
141
1
146
140
1
145
139
1
144
138
1
143
137
1
142
136
1
141
135
1
140
134
1
139
133
1
138
132
1
137
131
1
136
130
1
135
129
1
134
128
1
133
127
1
132
126
1
131
125
1
130
124
1
129
123
1
128
122
1
127
121
1
126
120
1
125
119
1
124
118
1
123
117
1
122
116
1
121
115
1
120
114
1
119
113
1
118
112
1
117
111
1
116
110
1
115
109
1
114
108
1
113
107
1
112
106
1
111
105
1
110
104
1
109
103
1
108
102
1
107
101
1
106
100
1
105
99
1
104
98
1
103
97
1
102
96
1
101
95
1
100
94
1
99
93
1
98
92
1
97
91
1
96
90
1
95
89
1
94
88
1
93
87
1
92
86
1
91
85
1
90
84
1
89
83
1
88
82
1
87
81
1
86
80
1
85
79
1
84
78
1
83
77
1
82
76
1
81
75
1
80
74
1
79
73
1
78
72
1
77
71
1
76
70
1
75
69
1
74
68
1
73
67
1
72
66
1
71
65
1
70
64
1
69
63
1
68
62
1
67
61
1
66
60
1
65
59
1
64
58
1
63
57
1
62
56
1
61
55
1
60
54
1
59
53
1
58
52
1
57
51
1
56
50
1
55
49
1
54
48
1
53
47
1
52
46
1
51
45
1
50
44
1
49
43
1
48
42
1
47
41
1
46
40
1
45
39
1
44
38
1
43
37
1
42
36
1
41
35
1
40
34
1
39
33
1
38
32
1
37
31
1
36
30
1
35
29
1
34
28
1
33
27
1
32
26
1
31
25
1
30
24
1
29
23
1
28
22
1
27
21
1
26
20
1
25
19
1
24
18
1
23
17
1
22
16
1
21
15
1
